100 4950
0 1 68
0 2 89
0 3 88
0 4 78
0 5 86
0 6 41
0 7 76
0 8 33
0 9 18
0 10 58
0 11 45
0 12 50
0 13 37
0 14 38
0 15 27
0 16 92
0 17 79
0 18 5
0 19 44
0 20 40
0 21 8
0 22 19
0 23 56
0 24 51
0 25 19
0 26 5
0 27 21
0 28 28
0 29 84
0 30 26
0 31 98
0 32 53
0 33 47
0 34 16
0 35 63
0 36 79
0 37 85
0 38 80
0 39 95
0 40 89
0 41 31
0 42 40
0 43 38
0 44 42
0 45 52
0 46 64
0 47 1
0 48 100
0 49 14
0 50 61
0 51 7
0 52 16
0 53 27
0 54 58
0 55 87
0 56 31
0 57 36
0 58 86
0 59 35
0 60 53
0 61 30
0 62 56
0 63 48
0 64 45
0 65 87
0 66 20
0 67 75
0 68 44
0 69 18
0 70 85
0 71 51
0 72 71
0 73 65
0 74 86
0 75 18
0 76 33
0 77 91
0 78 18
0 79 27
0 80 43
0 81 12
0 82 51
0 83 42
0 84 16
0 85 24
0 86 1
0 87 56
0 88 52
0 89 42
0 90 51
0 91 21
0 92 16
0 93 99
0 94 23
0 95 27
0 96 37
0 97 29
0 98 51
0 99 14
1 2 62
1 3 54
1 4 22
1 5 30
1 6 90
1 7 61
1 8 8
1 9 74
1 10 100
1 11 35
1 12 22
1 13 78
1 14 28
1 15 33
1 16 94
1 17 70
1 18 2
1 19 26
1 20 13
1 21 47
1 22 84
1 23 26
1 24 78
1 25 92
1 26 100
1 27 41
1 28 100
1 29 23
1 30 2
1 31 79
1 32 29
1 33 6
1 34 28
1 35 13
1 36 11
1 37 3
1 38 92
1 39 28
1 40 6
1 41 22
1 42 55
1 43 72
1 44 89
1 45 59
1 46 76
1 47 92
1 48 21
1 49 18
1 50 64
1 51 9
1 52 9
1 53 47
1 54 78
1 55 98
1 56 10
1 57 39
1 58 70
1 59 53
1 60 86
1 61 58
1 62 19
1 63 40
1 64 71
1 65 54
1 66 34
1 67 11
1 68 26
1 69 34
1 70 46
1 71 30
1 72 81
1 73 3
1 74 13
1 75 59
1 76 6
1 77 85
1 78 96
1 79 88
1 80 4
1 81 30
1 82 67
1 83 12
1 84 56
1 85 78
1 86 56
1 87 91
1 88 91
1 89 17
1 90 73
1 91 32
1 92 29
1 93 60
1 94 89
1 95 41
1 96 28
1 97 28
1 98 21
1 99 26
2 3 57
2 4 22
2 5 82
2 6 17
2 7 84
2 8 67
2 9 48
2 10 66
2 11 26
2 12 62
2 13 40
2 14 46
2 15 3
2 16 82
2 17 6
2 18 78
2 19 2
2 20 5
2 21 53
2 22 77
2 23 24
2 24 11
2 25 77
2 26 30
2 27 20
2 28 70
2 29 53
2 30 38
2 31 19
2 32 10
2 33 11
2 34 46
2 35 15
2 36 18
2 37 77
2 38 13
2 39 79
2 40 25
2 41 6
2 42 75
2 43 67
2 44 86
2 45 90
2 46 34
2 47 85
2 48 36
2 49 3
2 50 41
2 51 46
2 52 74
2 53 85
2 54 90
2 55 56
2 56 95
2 57 24
2 58 95
2 59 33
2 60 80
2 61 72
2 62 28
2 63 98
2 64 15
2 65 42
2 66 66
2 67 35
2 68 52
2 69 40
2 70 85
2 71 86
2 72 34
2 73 61
2 74 78
2 75 46
2 76 37
2 77 78
2 78 62
2 79 97
2 80 40
2 81 13
2 82 79
2 83 5
2 84 51
2 85 29
2 86 89
2 87 50
2 88 58
2 89 34
2 90 11
2 91 12
2 92 89
2 93 23
2 94 47
2 95 91
2 96 49
2 97 26
2 98 88
2 99 78
3 4 3
3 5 100
3 6 93
3 7 9
3 8 61
3 9 19
3 10 89
3 11 17
3 12 30
3 13 42
3 14 71
3 15 56
3 16 85
3 17 88
3 18 83
3 19 78
3 20 94
3 21 19
3 22 55
3 23 96
3 24 32
3 25 3
3 26 43
3 27 76
3 28 79
3 29 16
3 30 68
3 31 14
3 32 2
3 33 69
3 34 33
3 35 8
3 36 69
3 37 52
3 38 23
3 39 36
3 40 5
3 41 75
3 42 40
3 43 8
3 44 11
3 45 98
3 46 42
3 47 48
3 48 50
3 49 95
3 50 78
3 51 15
3 52 86
3 53 98
3 54 5
3 55 38
3 56 15
3 57 76
3 58 27
3 59 70
3 60 27
3 61 35
3 62 14
3 63 79
3 64 81
3 65 91
3 66 47
3 67 1
3 68 29
3 69 11
3 70 21
3 71 70
3 72 38
3 73 57
3 74 89
3 75 70
3 76 37
3 77 45
3 78 68
3 79 67
3 80 94
3 81 32
3 82 24
3 83 35
3 84 80
3 85 42
3 86 67
3 87 83
3 88 99
3 89 43
3 90 67
3 91 9
3 92 90
3 93 3
3 94 34
3 95 33
3 96 78
3 97 38
3 98 68
3 99 15
4 5 15
4 6 94
4 7 1
4 8 32
4 9 69
4 10 84
4 11 5
4 12 22
4 13 43
4 14 67
4 15 51
4 16 61
4 17 32
4 18 8
4 19 86
4 20 80
4 21 78
4 22 38
4 23 31
4 24 51
4 25 34
4 26 53
4 27 92
4 28 86
4 29 3
4 30 95
4 31 76
4 32 30
4 33 4
4 34 29
4 35 4
4 36 14
4 37 11
4 38 16
4 39 86
4 40 95
4 41 15
4 42 73
4 43 8
4 44 8
4 45 82
4 46 82
4 47 62
4 48 14
4 49 88
4 50 44
4 51 5
4 52 49
4 53 70
4 54 86
4 55 15
4 56 81
4 57 65
4 58 49
4 59 26
4 60 72
4 61 22
4 62 15
4 63 88
4 64 89
4 65 83
4 66 38
4 67 74
4 68 67
4 69 32
4 70 22
4 71 98
4 72 14
4 73 27
4 74 71
4 75 95
4 76 78
4 77 72
4 78 12
4 79 56
4 80 81
4 81 94
4 82 46
4 83 20
4 84 55
4 85 8
4 86 49
4 87 15
4 88 7
4 89 21
4 90 30
4 91 35
4 92 14
4 93 19
4 94 56
4 95 26
4 96 11
4 97 69
4 98 34
4 99 95
5 6 88
5 7 77
5 8 92
5 9 23
5 10 30
5 11 40
5 12 11
5 13 4
5 14 32
5 15 7
5 16 94
5 17 61
5 18 40
5 19 45
5 20 43
5 21 78
5 22 26
5 23 92
5 24 3
5 25 35
5 26 98
5 27 57
5 28 6
5 29 94
5 30 15
5 31 36
5 32 80
5 33 24
5 34 42
5 35 67
5 36 58
5 37 75
5 38 45
5 39 91
5 40 38
5 41 13
5 42 79
5 43 44
5 44 92
5 45 19
5 46 88
5 47 34
5 48 28
5 49 13
5 50 48
5 51 64
5 52 18
5 53 34
5 54 90
5 55 62
5 56 44
5 57 54
5 58 73
5 59 9
5 60 94
5 61 20
5 62 91
5 63 98
5 64 49
5 65 51
5 66 77
5 67 80
5 68 81
5 69 57
5 70 74
5 71 12
5 72 71
5 73 20
5 74 69
5 75 15
5 76 54
5 77 92
5 78 48
5 79 18
5 80 71
5 81 98
5 82 42
5 83 42
5 84 89
5 85 54
5 86 67
5 87 50
5 88 90
5 89 24
5 90 43
5 91 97
5 92 59
5 93 51
5 94 84
5 95 37
5 96 78
5 97 65
5 98 67
5 99 62
6 7 53
6 8 46
6 9 84
6 10 29
6 11 63
6 12 55
6 13 17
6 14 59
6 15 72
6 16 40
6 17 98
6 18 85
6 19 11
6 20 31
6 21 93
6 22 95
6 23 26
6 24 78
6 25 58
6 26 12
6 27 47
6 28 64
6 29 16
6 30 34
6 31 38
6 32 33
6 33 66
6 34 37
6 35 48
6 36 16
6 37 78
6 38 81
6 39 94
6 40 2
6 41 72
6 42 59
6 43 67
6 44 45
6 45 10
6 46 20
6 47 11
6 48 51
6 49 84
6 50 2
6 51 83
6 52 5
6 53 57
6 54 14
6 55 85
6 56 41
6 57 62
6 58 100
6 59 63
6 60 81
6 61 85
6 62 17
6 63 18
6 64 52
6 65 1
6 66 34
6 67 61
6 68 88
6 69 48
6 70 94
6 71 91
6 72 19
6 73 89
6 74 87
6 75 54
6 76 47
6 77 100
6 78 70
6 79 40
6 80 89
6 81 74
6 82 16
6 83 49
6 84 50
6 85 50
6 86 23
6 87 78
6 88 3
6 89 96
6 90 89
6 91 93
6 92 14
6 93 23
6 94 44
6 95 88
6 96 44
6 97 39
6 98 59
6 99 77
7 8 93
7 9 59
7 10 11
7 11 36
7 12 79
7 13 86
7 14 28
7 15 97
7 16 19
7 17 89
7 18 61
7 19 64
7 20 20
7 21 4
7 22 61
7 23 39
7 24 58
7 25 89
7 26 41
7 27 50
7 28 38
7 29 77
7 30 96
7 31 66
7 32 12
7 33 27
7 34 45
7 35 85
7 36 34
7 37 94
7 38 93
7 39 87
7 40 87
7 41 8
7 42 75
7 43 18
7 44 6
7 45 72
7 46 42
7 47 14
7 48 70
7 49 72
7 50 35
7 51 63
7 52 92
7 53 29
7 54 90
7 55 87
7 56 47
7 57 1
7 58 2
7 59 91
7 60 18
7 61 76
7 62 56
7 63 45
7 64 20
7 65 45
7 66 16
7 67 64
7 68 29
7 69 6
7 70 24
7 71 61
7 72 71
7 73 99
7 74 98
7 75 98
7 76 91
7 77 36
7 78 44
7 79 65
7 80 56
7 81 59
7 82 44
7 83 16
7 84 30
7 85 97
7 86 15
7 87 35
7 88 81
7 89 36
7 90 43
7 91 31
7 92 50
7 93 98
7 94 6
7 95 48
7 96 11
7 97 33
7 98 69
7 99 89
8 9 19
8 10 41
8 11 15
8 12 78
8 13 40
8 14 83
8 15 31
8 16 1
8 17 48
8 18 48
8 19 94
8 20 56
8 21 8
8 22 70
8 23 30
8 24 73
8 25 84
8 26 42
8 27 6
8 28 95
8 29 34
8 30 1
8 31 71
8 32 34
8 33 39
8 34 30
8 35 83
8 36 59
8 37 52
8 38 98
8 39 84
8 40 94
8 41 97
8 42 3
8 43 49
8 44 98
8 45 26
8 46 99
8 47 54
8 48 66
8 49 33
8 50 95
8 51 11
8 52 34
8 53 47
8 54 3
8 55 20
8 56 99
8 57 51
8 58 78
8 59 71
8 60 25
8 61 46
8 62 12
8 63 87
8 64 67
8 65 69
8 66 73
8 67 52
8 68 48
8 69 91
8 70 65
8 71 37
8 72 95
8 73 88
8 74 17
8 75 64
8 76 11
8 77 84
8 78 52
8 79 78
8 80 54
8 81 19
8 82 20
8 83 46
8 84 67
8 85 24
8 86 78
8 87 60
8 88 23
8 89 20
8 90 47
8 91 6
8 92 97
8 93 2
8 94 66
8 95 24
8 96 27
8 97 87
8 98 25
8 99 99
9 10 69
9 11 63
9 12 94
9 13 23
9 14 73
9 15 69
9 16 25
9 17 49
9 18 76
9 19 2
9 20 70
9 21 61
9 22 75
9 23 93
9 24 82
9 25 63
9 26 29
9 27 68
9 28 84
9 29 3
9 30 18
9 31 87
9 32 87
9 33 69
9 34 32
9 35 46
9 36 87
9 37 48
9 38 12
9 39 30
9 40 69
9 41 89
9 42 68
9 43 85
9 44 76
9 45 6
9 46 24
9 47 65
9 48 11
9 49 3
9 50 47
9 51 6
9 52 19
9 53 64
9 54 23
9 55 43
9 56 15
9 57 81
9 58 75
9 59 80
9 60 42
9 61 60
9 62 31
9 63 74
9 64 54
9 65 61
9 66 59
9 67 35
9 68 24
9 69 34
9 70 10
9 71 56
9 72 43
9 73 76
9 74 90
9 75 88
9 76 75
9 77 64
9 78 87
9 79 46
9 80 46
9 81 72
9 82 12
9 83 63
9 84 34
9 85 60
9 86 61
9 87 82
9 88 16
9 89 83
9 90 50
9 91 23
9 92 90
9 93 58
9 94 23
9 95 13
9 96 18
9 97 2
9 98 39
9 99 35
10 11 2
10 12 86
10 13 58
10 14 14
10 15 13
10 16 30
10 17 70
10 18 21
10 19 46
10 20 8
10 21 52
10 22 22
10 23 11
10 24 39
10 25 38
10 26 48
10 27 44
10 28 3
10 29 23
10 30 19
10 31 18
10 32 57
10 33 54
10 34 3
10 35 46
10 36 73
10 37 24
10 38 20
10 39 100
10 40 72
10 41 72
10 42 8
10 43 20
10 44 28
10 45 41
10 46 42
10 47 56
10 48 67
10 49 27
10 50 1
10 51 46
10 52 54
10 53 28
10 54 82
10 55 61
10 56 34
10 57 70
10 58 34
10 59 55
10 60 94
10 61 8
10 62 44
10 63 70
10 64 36
10 65 5
10 66 38
10 67 69
10 68 10
10 69 11
10 70 45
10 71 34
10 72 1
10 73 66
10 74 70
10 75 33
10 76 18
10 77 56
10 78 65
10 79 4
10 80 24
10 81 8
10 82 56
10 83 2
10 84 24
10 85 71
10 86 6
10 87 26
10 88 24
10 89 1
10 90 69
10 91 22
10 92 50
10 93 31
10 94 3
10 95 75
10 96 31
10 97 46
10 98 88
10 99 59
11 12 95
11 13 29
11 14 78
11 15 36
11 16 30
11 17 70
11 18 11
11 19 97
11 20 73
11 21 98
11 22 41
11 23 53
11 24 91
11 25 44
11 26 75
11 27 19
11 28 61
11 29 89
11 30 55
11 31 7
11 32 31
11 33 26
11 34 58
11 35 33
11 36 70
11 37 21
11 38 90
11 39 75
11 40 32
11 41 69
11 42 71
11 43 98
11 44 99
11 45 5
11 46 98
11 47 100
11 48 36
11 49 83
11 50 43
11 51 20
11 52 56
11 53 95
11 54 97
11 55 13
11 56 79
11 57 5
11 58 63
11 59 59
11 60 74
11 61 89
11 62 81
11 63 70
11 64 76
11 65 50
11 66 60
11 67 23
11 68 14
11 69 20
11 70 53
11 71 20
11 72 62
11 73 57
11 74 86
11 75 62
11 76 37
11 77 63
11 78 72
11 79 50
11 80 94
11 81 31
11 82 4
11 83 43
11 84 100
11 85 55
11 86 21
11 87 23
11 88 54
11 89 52
11 90 79
11 91 22
11 92 98
11 93 83
11 94 79
11 95 70
11 96 23
11 97 44
11 98 89
11 99 65
12 13 24
12 14 35
12 15 91
12 16 39
12 17 60
12 18 95
12 19 39
12 20 36
12 21 72
12 22 84
12 23 15
12 24 70
12 25 36
12 26 93
12 27 91
12 28 49
12 29 21
12 30 84
12 31 93
12 32 100
12 33 48
12 34 46
12 35 55
12 36 22
12 37 47
12 38 1
12 39 49
12 40 72
12 41 2
12 42 90
12 43 87
12 44 32
12 45 23
12 46 54
12 47 5
12 48 75
12 49 43
12 50 41
12 51 16
12 52 76
12 53 15
12 54 73
12 55 9
12 56 25
12 57 84
12 58 78
12 59 78
12 60 8
12 61 95
12 62 55
12 63 44
12 64 28
12 65 36
12 66 10
12 67 71
12 68 23
12 69 26
12 70 82
12 71 24
12 72 46
12 73 39
12 74 61
12 75 98
12 76 55
12 77 95
12 78 82
12 79 14
12 80 87
12 81 78
12 82 21
12 83 5
12 84 73
12 85 82
12 86 100
12 87 90
12 88 49
12 89 73
12 90 97
12 91 89
12 92 54
12 93 13
12 94 18
12 95 57
12 96 49
12 97 14
12 98 71
12 99 56
13 14 64
13 15 53
13 16 68
13 17 58
13 18 95
13 19 64
13 20 77
13 21 33
13 22 71
13 23 65
13 24 9
13 25 4
13 26 54
13 27 59
13 28 36
13 29 83
13 30 16
13 31 24
13 32 31
13 33 52
13 34 30
13 35 28
13 36 48
13 37 63
13 38 72
13 39 89
13 40 44
13 41 63
13 42 92
13 43 95
13 44 46
13 45 72
13 46 87
13 47 55
13 48 91
13 49 33
13 50 35
13 51 83
13 52 46
13 53 29
13 54 10
13 55 36
13 56 62
13 57 56
13 58 32
13 59 31
13 60 2
13 61 79
13 62 29
13 63 25
13 64 30
13 65 96
13 66 84
13 67 61
13 68 37
13 69 29
13 70 38
13 71 77
13 72 95
13 73 88
13 74 76
13 75 22
13 76 88
13 77 36
13 78 98
13 79 46
13 80 61
13 81 35
13 82 67
13 83 59
13 84 49
13 85 43
13 86 96
13 87 78
13 88 41
13 89 87
13 90 29
13 91 32
13 92 99
13 93 64
13 94 100
13 95 64
13 96 23
13 97 35
13 98 89
13 99 82
14 15 37
14 16 66
14 17 64
14 18 91
14 19 90
14 20 60
14 21 5
14 22 68
14 23 65
14 24 96
14 25 48
14 26 25
14 27 24
14 28 68
14 29 30
14 30 60
14 31 78
14 32 68
14 33 26
14 34 15
14 35 32
14 36 53
14 37 80
14 38 37
14 39 32
14 40 31
14 41 72
14 42 21
14 43 29
14 44 3
14 45 86
14 46 32
14 47 43
14 48 50
14 49 45
14 50 22
14 51 67
14 52 44
14 53 78
14 54 28
14 55 22
14 56 34
14 57 44
14 58 23
14 59 23
14 60 32
14 61 68
14 62 47
14 63 24
14 64 31
14 65 8
14 66 63
14 67 77
14 68 91
14 69 3
14 70 42
14 71 71
14 72 21
14 73 5
14 74 80
14 75 65
14 76 20
14 77 42
14 78 92
14 79 51
14 80 28
14 81 53
14 82 12
14 83 97
14 84 91
14 85 64
14 86 55
14 87 25
14 88 27
14 89 37
14 90 32
14 91 97
14 92 29
14 93 25
14 94 21
14 95 59
14 96 54
14 97 6
14 98 56
14 99 36
15 16 66
15 17 65
15 18 90
15 19 1
15 20 91
15 21 82
15 22 40
15 23 59
15 24 70
15 25 57
15 26 79
15 27 91
15 28 78
15 29 59
15 30 27
15 31 53
15 32 64
15 33 97
15 34 53
15 35 3
15 36 42
15 37 13
15 38 97
15 39 32
15 40 73
15 41 24
15 42 23
15 43 79
15 44 48
15 45 10
15 46 40
15 47 50
15 48 40
15 49 82
15 50 58
15 51 75
15 52 82
15 53 18
15 54 72
15 55 75
15 56 84
15 57 74
15 58 27
15 59 74
15 60 52
15 61 98
15 62 91
15 63 6
15 64 47
15 65 37
15 66 58
15 67 9
15 68 73
15 69 47
15 70 78
15 71 42
15 72 53
15 73 73
15 74 49
15 75 21
15 76 16
15 77 67
15 78 36
15 79 45
15 80 66
15 81 97
15 82 57
15 83 20
15 84 86
15 85 67
15 86 72
15 87 71
15 88 11
15 89 65
15 90 100
15 91 96
15 92 15
15 93 2
15 94 45
15 95 7
15 96 49
15 97 14
15 98 47
15 99 27
16 17 2
16 18 35
16 19 38
16 20 12
16 21 40
16 22 44
16 23 1
16 24 51
16 25 35
16 26 32
16 27 24
16 28 60
16 29 21
16 30 93
16 31 96
16 32 95
16 33 41
16 34 29
16 35 56
16 36 19
16 37 44
16 38 65
16 39 69
16 40 13
16 41 45
16 42 100
16 43 49
16 44 84
16 45 92
16 46 100
16 47 10
16 48 39
16 49 99
16 50 49
16 51 23
16 52 47
16 53 71
16 54 26
16 55 58
16 56 44
16 57 28
16 58 93
16 59 33
16 60 89
16 61 65
16 62 8
16 63 33
16 64 83
16 65 58
16 66 82
16 67 12
16 68 23
16 69 15
16 70 23
16 71 19
16 72 11
16 73 100
16 74 15
16 75 25
16 76 45
16 77 48
16 78 94
16 79 52
16 80 67
16 81 62
16 82 53
16 83 92
16 84 54
16 85 81
16 86 46
16 87 46
16 88 44
16 89 48
16 90 13
16 91 92
16 92 88
16 93 97
16 94 51
16 95 17
16 96 33
16 97 48
16 98 27
16 99 9
17 18 85
17 19 51
17 20 36
17 21 64
17 22 90
17 23 68
17 24 10
17 25 37
17 26 24
17 27 2
17 28 27
17 29 27
17 30 13
17 31 75
17 32 4
17 33 27
17 34 51
17 35 44
17 36 95
17 37 98
17 38 77
17 39 82
17 40 65
17 41 72
17 42 87
17 43 70
17 44 15
17 45 46
17 46 21
17 47 43
17 48 11
17 49 45
17 50 32
17 51 80
17 52 86
17 53 79
17 54 51
17 55 25
17 56 20
17 57 70
17 58 34
17 59 3
17 60 95
17 61 86
17 62 30
17 63 5
17 64 14
17 65 77
17 66 81
17 67 6
17 68 5
17 69 97
17 70 67
17 71 28
17 72 59
17 73 84
17 74 99
17 75 1
17 76 39
17 77 37
17 78 21
17 79 41
17 80 87
17 81 21
17 82 21
17 83 55
17 84 46
17 85 2
17 86 53
17 87 10
17 88 28
17 89 91
17 90 61
17 91 24
17 92 1
17 93 13
17 94 57
17 95 59
17 96 72
17 97 91
17 98 24
17 99 31
18 19 16
18 20 39
18 21 28
18 22 28
18 23 34
18 24 20
18 25 100
18 26 61
18 27 59
18 28 96
18 29 64
18 30 53
18 31 58
18 32 61
18 33 44
18 34 65
18 35 40
18 36 92
18 37 2
18 38 26
18 39 90
18 40 10
18 41 95
18 42 19
18 43 2
18 44 32
18 45 34
18 46 16
18 47 96
18 48 43
18 49 37
18 50 4
18 51 36
18 52 96
18 53 57
18 54 62
18 55 90
18 56 94
18 57 50
18 58 33
18 59 46
18 60 49
18 61 73
18 62 74
18 63 85
18 64 53
18 65 76
18 66 80
18 67 2
18 68 53
18 69 12
18 70 96
18 71 78
18 72 10
18 73 15
18 74 36
18 75 67
18 76 98
18 77 25
18 78 43
18 79 81
18 80 66
18 81 77
18 82 45
18 83 80
18 84 70
18 85 47
18 86 11
18 87 45
18 88 30
18 89 35
18 90 27
18 91 82
18 92 100
18 93 25
18 94 63
18 95 39
18 96 7
18 97 51
18 98 76
18 99 9
19 20 29
19 21 58
19 22 71
19 23 80
19 24 12
19 25 90
19 26 36
19 27 27
19 28 94
19 29 89
19 30 43
19 31 21
19 32 92
19 33 74
19 34 43
19 35 18
19 36 6
19 37 97
19 38 82
19 39 97
19 40 32
19 41 76
19 42 73
19 43 37
19 44 39
19 45 54
19 46 25
19 47 33
19 48 51
19 49 88
19 50 24
19 51 34
19 52 91
19 53 57
19 54 66
19 55 40
19 56 48
19 57 29
19 58 86
19 59 74
19 60 5
19 61 90
19 62 57
19 63 26
19 64 19
19 65 68
19 66 63
19 67 76
19 68 62
19 69 20
19 70 57
19 71 66
19 72 56
19 73 15
19 74 42
19 75 77
19 76 33
19 77 83
19 78 26
19 79 35
19 80 87
19 81 56
19 82 52
19 83 10
19 84 46
19 85 27
19 86 62
19 87 79
19 88 58
19 89 2
19 90 85
19 91 88
19 92 19
19 93 13
19 94 45
19 95 77
19 96 21
19 97 83
19 98 44
19 99 55
20 21 28
20 22 10
20 23 72
20 24 64
20 25 4
20 26 66
20 27 74
20 28 56
20 29 84
20 30 91
20 31 36
20 32 64
20 33 48
20 34 33
20 35 97
20 36 48
20 37 95
20 38 88
20 39 49
20 40 1
20 41 37
20 42 70
20 43 99
20 44 31
20 45 70
20 46 10
20 47 9
20 48 9
20 49 1
20 50 36
20 51 18
20 52 67
20 53 23
20 54 20
20 55 78
20 56 30
20 57 37
20 58 12
20 59 73
20 60 28
20 61 15
20 62 15
20 63 27
20 64 54
20 65 12
20 66 5
20 67 43
20 68 51
20 69 21
20 70 60
20 71 74
20 72 32
20 73 49
20 74 55
20 75 32
20 76 75
20 77 49
20 78 45
20 79 76
20 80 65
20 81 61
20 82 99
20 83 70
20 84 91
20 85 55
20 86 100
20 87 24
20 88 52
20 89 27
20 90 68
20 91 72
20 92 22
20 93 25
20 94 49
20 95 73
20 96 4
20 97 14
20 98 33
20 99 92
21 22 18
21 23 82
21 24 12
21 25 83
21 26 99
21 27 9
21 28 35
21 29 17
21 30 76
21 31 75
21 32 34
21 33 62
21 34 32
21 35 64
21 36 67
21 37 44
21 38 42
21 39 71
21 40 17
21 41 70
21 42 58
21 43 9
21 44 74
21 45 55
21 46 24
21 47 10
21 48 69
21 49 93
21 50 67
21 51 7
21 52 1
21 53 13
21 54 14
21 55 96
21 56 14
21 57 84
21 58 5
21 59 86
21 60 69
21 61 47
21 62 70
21 63 42
21 64 40
21 65 8
21 66 82
21 67 7
21 68 27
21 69 86
21 70 73
21 71 38
21 72 98
21 73 43
21 74 90
21 75 22
21 76 60
21 77 33
21 78 19
21 79 80
21 80 86
21 81 74
21 82 42
21 83 98
21 84 8
21 85 83
21 86 57
21 87 66
21 88 25
21 89 21
21 90 1
21 91 10
21 92 51
21 93 15
21 94 18
21 95 74
21 96 22
21 97 68
21 98 32
21 99 38
22 23 24
22 24 39
22 25 6
22 26 8
22 27 23
22 28 1
22 29 95
22 30 87
22 31 64
22 32 48
22 33 91
22 34 10
22 35 88
22 36 30
22 37 24
22 38 31
22 39 69
22 40 51
22 41 3
22 42 49
22 43 93
22 44 34
22 45 12
22 46 85
22 47 29
22 48 85
22 49 30
22 50 23
22 51 91
22 52 7
22 53 59
22 54 31
22 55 81
22 56 71
22 57 37
22 58 29
22 59 36
22 60 24
22 61 60
22 62 34
22 63 92
22 64 21
22 65 10
22 66 11
22 67 17
22 68 62
22 69 61
22 70 69
22 71 26
22 72 21
22 73 99
22 74 45
22 75 97
22 76 85
22 77 32
22 78 73
22 79 9
22 80 26
22 81 48
22 82 36
22 83 22
22 84 26
22 85 47
22 86 40
22 87 66
22 88 87
22 89 23
22 90 34
22 91 78
22 92 92
22 93 100
22 94 96
22 95 90
22 96 88
22 97 58
22 98 23
22 99 11
23 24 17
23 25 87
23 26 32
23 27 52
23 28 44
23 29 51
23 30 99
23 31 11
23 32 58
23 33 8
23 34 29
23 35 17
23 36 88
23 37 73
23 38 41
23 39 22
23 40 65
23 41 97
23 42 72
23 43 7
23 44 53
23 45 97
23 46 61
23 47 2
23 48 29
23 49 89
23 50 71
23 51 21
23 52 12
23 53 84
23 54 61
23 55 61
23 56 9
23 57 84
23 58 44
23 59 36
23 60 53
23 61 25
23 62 41
23 63 3
23 64 14
23 65 39
23 66 28
23 67 15
23 68 80
23 69 47
23 70 67
23 71 36
23 72 98
23 73 17
23 74 81
23 75 46
23 76 91
23 77 44
23 78 48
23 79 63
23 80 85
23 81 33
23 82 71
23 83 60
23 84 100
23 85 60
23 86 98
23 87 58
23 88 8
23 89 41
23 90 33
23 91 27
23 92 11
23 93 78
23 94 100
23 95 14
23 96 3
23 97 70
23 98 15
23 99 12
24 25 88
24 26 81
24 27 22
24 28 92
24 29 59
24 30 41
24 31 77
24 32 9
24 33 54
24 34 8
24 35 46
24 36 95
24 37 63
24 38 65
24 39 98
24 40 89
24 41 37
24 42 44
24 43 51
24 44 80
24 45 49
24 46 23
24 47 83
24 48 16
24 49 5
24 50 47
24 51 42
24 52 77
24 53 89
24 54 6
24 55 24
24 56 98
24 57 73
24 58 80
24 59 5
24 60 90
24 61 26
24 62 84
24 63 50
24 64 13
24 65 38
24 66 23
24 67 62
24 68 35
24 69 21
24 70 98
24 71 52
24 72 36
24 73 8
24 74 65
24 75 63
24 76 1
24 77 52
24 78 23
24 79 26
24 80 4
24 81 23
24 82 56
24 83 23
24 84 53
24 85 53
24 86 41
24 87 89
24 88 37
24 89 45
24 90 78
24 91 57
24 92 88
24 93 75
24 94 91
24 95 60
24 96 8
24 97 12
24 98 82
24 99 14
25 26 38
25 27 18
25 28 50
25 29 90
25 30 38
25 31 3
25 32 56
25 33 48
25 34 23
25 35 59
25 36 100
25 37 15
25 38 35
25 39 58
25 40 19
25 41 75
25 42 100
25 43 91
25 44 10
25 45 8
25 46 94
25 47 99
25 48 50
25 49 63
25 50 31
25 51 69
25 52 91
25 53 60
25 54 69
25 55 9
25 56 25
25 57 96
25 58 63
25 59 13
25 60 58
25 61 45
25 62 53
25 63 33
25 64 95
25 65 45
25 66 92
25 67 71
25 68 60
25 69 85
25 70 31
25 71 71
25 72 84
25 73 93
25 74 98
25 75 73
25 76 23
25 77 54
25 78 59
25 79 57
25 80 73
25 81 37
25 82 41
25 83 46
25 84 52
25 85 49
25 86 94
25 87 44
25 88 13
25 89 15
25 90 89
25 91 69
25 92 91
25 93 4
25 94 97
25 95 6
25 96 33
25 97 24
25 98 84
25 99 63
26 27 5
26 28 2
26 29 70
26 30 11
26 31 43
26 32 92
26 33 96
26 34 1
26 35 96
26 36 78
26 37 100
26 38 40
26 39 29
26 40 81
26 41 26
26 42 32
26 43 11
26 44 96
26 45 52
26 46 35
26 47 62
26 48 21
26 49 45
26 50 55
26 51 92
26 52 4
26 53 98
26 54 3
26 55 71
26 56 59
26 57 95
26 58 1
26 59 25
26 60 11
26 61 51
26 62 48
26 63 29
26 64 66
26 65 87
26 66 63
26 67 58
26 68 80
26 69 59
26 70 61
26 71 75
26 72 39
26 73 24
26 74 52
26 75 1
26 76 90
26 77 84
26 78 68
26 79 28
26 80 70
26 81 38
26 82 14
26 83 88
26 84 47
26 85 78
26 86 52
26 87 100
26 88 24
26 89 86
26 90 27
26 91 94
26 92 6
26 93 76
26 94 11
26 95 86
26 96 54
26 97 85
26 98 35
26 99 4
27 28 87
27 29 85
27 30 85
27 31 47
27 32 55
27 33 64
27 34 38
27 35 2
27 36 46
27 37 93
27 38 84
27 39 88
27 40 99
27 41 13
27 42 61
27 43 83
27 44 99
27 45 68
27 46 46
27 47 75
27 48 47
27 49 14
27 50 30
27 51 14
27 52 40
27 53 54
27 54 40
27 55 86
27 56 10
27 57 77
27 58 37
27 59 45
27 60 63
27 61 27
27 62 45
27 63 29
27 64 50
27 65 15
27 66 97
27 67 64
27 68 2
27 69 48
27 70 26
27 71 7
27 72 3
27 73 11
27 74 72
27 75 53
27 76 9
27 77 51
27 78 18
27 79 61
27 80 53
27 81 96
27 82 100
27 83 31
27 84 47
27 85 63
27 86 19
27 87 62
27 88 19
27 89 79
27 90 23
27 91 85
27 92 63
27 93 24
27 94 98
27 95 81
27 96 76
27 97 33
27 98 9
27 99 27
28 29 48
28 30 5
28 31 48
28 32 27
28 33 59
28 34 63
28 35 87
28 36 37
28 37 65
28 38 45
28 39 28
28 40 2
28 41 89
28 42 67
28 43 65
28 44 63
28 45 100
28 46 16
28 47 16
28 48 67
28 49 66
28 50 37
28 51 64
28 52 63
28 53 49
28 54 33
28 55 38
28 56 22
28 57 100
28 58 47
28 59 28
28 60 43
28 61 2
28 62 91
28 63 63
28 64 57
28 65 49
28 66 33
28 67 38
28 68 33
28 69 43
28 70 31
28 71 10
28 72 19
28 73 10
28 74 58
28 75 92
28 76 98
28 77 90
28 78 47
28 79 13
28 80 29
28 81 16
28 82 20
28 83 60
28 84 56
28 85 96
28 86 35
28 87 70
28 88 50
28 89 21
28 90 29
28 91 19
28 92 4
28 93 93
28 94 3
28 95 83
28 96 88
28 97 17
28 98 54
28 99 51
29 30 21
29 31 45
29 32 42
29 33 77
29 34 41
29 35 51
29 36 49
29 37 79
29 38 51
29 39 23
29 40 78
29 41 18
29 42 76
29 43 53
29 44 88
29 45 63
29 46 2
29 47 45
29 48 50
29 49 100
29 50 18
29 51 81
29 52 56
29 53 64
29 54 8
29 55 7
29 56 54
29 57 44
29 58 15
29 59 20
29 60 70
29 61 73
29 62 70
29 63 20
29 64 79
29 65 8
29 66 70
29 67 65
29 68 58
29 69 27
29 70 65
29 71 43
29 72 43
29 73 49
29 74 47
29 75 14
29 76 69
29 77 92
29 78 44
29 79 83
29 80 88
29 81 10
29 82 86
29 83 83
29 84 54
29 85 39
29 86 56
29 87 12
29 88 43
29 89 9
29 90 8
29 91 29
29 92 94
29 93 4
29 94 30
29 95 9
29 96 52
29 97 8
29 98 36
29 99 80
30 31 12
30 32 24
30 33 57
30 34 81
30 35 99
30 36 5
30 37 75
30 38 81
30 39 53
30 40 37
30 41 16
30 42 76
30 43 52
30 44 91
30 45 41
30 46 17
30 47 74
30 48 97
30 49 54
30 50 49
30 51 5
30 52 27
30 53 15
30 54 10
30 55 97
30 56 63
30 57 4
30 58 46
30 59 98
30 60 52
30 61 3
30 62 23
30 63 7
30 64 85
30 65 15
30 66 40
30 67 13
30 68 18
30 69 65
30 70 69
30 71 43
30 72 29
30 73 44
30 74 92
30 75 52
30 76 40
30 77 95
30 78 12
30 79 97
30 80 48
30 81 43
30 82 13
30 83 36
30 84 57
30 85 15
30 86 42
30 87 4
30 88 100
30 89 73
30 90 29
30 91 93
30 92 39
30 93 44
30 94 16
30 95 53
30 96 24
30 97 5
30 98 34
30 99 76
31 32 3
31 33 35
31 34 20
31 35 57
31 36 73
31 37 52
31 38 11
31 39 71
31 40 90
31 41 14
31 42 40
31 43 68
31 44 4
31 45 67
31 46 49
31 47 59
31 48 25
31 49 86
31 50 23
31 51 77
31 52 25
31 53 32
31 54 19
31 55 89
31 56 21
31 57 36
31 58 40
31 59 52
31 60 89
31 61 48
31 62 59
31 63 90
31 64 94
31 65 57
31 66 41
31 67 31
31 68 9
31 69 54
31 70 50
31 71 71
31 72 58
31 73 9
31 74 5
31 75 57
31 76 66
31 77 84
31 78 46
31 79 65
31 80 100
31 81 11
31 82 10
31 83 32
31 84 9
31 85 5
31 86 4
31 87 89
31 88 42
31 89 80
31 90 2
31 91 7
31 92 29
31 93 66
31 94 21
31 95 90
31 96 11
31 97 23
31 98 62
31 99 35
32 33 64
32 34 16
32 35 73
32 36 17
32 37 42
32 38 43
32 39 38
32 40 35
32 41 3
32 42 7
32 43 62
32 44 77
32 45 36
32 46 41
32 47 79
32 48 42
32 49 39
32 50 76
32 51 4
32 52 52
32 53 22
32 54 60
32 55 74
32 56 86
32 57 13
32 58 69
32 59 22
32 60 57
32 61 8
32 62 8
32 63 80
32 64 73
32 65 27
32 66 87
32 67 21
32 68 86
32 69 29
32 70 41
32 71 32
32 72 99
32 73 18
32 74 63
32 75 23
32 76 21
32 77 42
32 78 57
32 79 99
32 80 49
32 81 49
32 82 17
32 83 57
32 84 84
32 85 67
32 86 47
32 87 76
32 88 61
32 89 34
32 90 47
32 91 88
32 92 77
32 93 99
32 94 18
32 95 30
32 96 80
32 97 29
32 98 25
32 99 92
33 34 96
33 35 75
33 36 51
33 37 91
33 38 94
33 39 7
33 40 7
33 41 50
33 42 42
33 43 94
33 44 99
33 45 9
33 46 42
33 47 75
33 48 48
33 49 30
33 50 28
33 51 18
33 52 48
33 53 85
33 54 46
33 55 32
33 56 37
33 57 55
33 58 65
33 59 22
33 60 12
33 61 85
33 62 29
33 63 77
33 64 99
33 65 55
33 66 73
33 67 23
33 68 7
33 69 46
33 70 100
33 71 39
33 72 84
33 73 60
33 74 29
33 75 25
33 76 64
33 77 12
33 78 96
33 79 73
33 80 73
33 81 63
33 82 69
33 83 34
33 84 74
33 85 33
33 86 62
33 87 59
33 88 32
33 89 100
33 90 95
33 91 75
33 92 65
33 93 42
33 94 91
33 95 48
33 96 7
33 97 68
33 98 43
33 99 31
34 35 6
34 36 97
34 37 95
34 38 17
34 39 53
34 40 58
34 41 13
34 42 84
34 43 7
34 44 98
34 45 77
34 46 38
34 47 86
34 48 46
34 49 88
34 50 3
34 51 85
34 52 81
34 53 4
34 54 91
34 55 7
34 56 99
34 57 13
34 58 49
34 59 87
34 60 37
34 61 59
34 62 17
34 63 3
34 64 9
34 65 24
34 66 58
34 67 31
34 68 25
34 69 8
34 70 93
34 71 3
34 72 20
34 73 70
34 74 80
34 75 79
34 76 68
34 77 35
34 78 26
34 79 2
34 80 83
34 81 33
34 82 81
34 83 44
34 84 7
34 85 35
34 86 90
34 87 42
34 88 66
34 89 68
34 90 47
34 91 80
34 92 85
34 93 98
34 94 57
34 95 4
34 96 19
34 97 69
34 98 21
34 99 66
35 36 7
35 37 4
35 38 6
35 39 66
35 40 97
35 41 65
35 42 61
35 43 17
35 44 50
35 45 71
35 46 11
35 47 44
35 48 38
35 49 63
35 50 34
35 51 5
35 52 2
35 53 22
35 54 41
35 55 87
35 56 14
35 57 83
35 58 6
35 59 54
35 60 64
35 61 64
35 62 17
35 63 77
35 64 97
35 65 36
35 66 84
35 67 47
35 68 26
35 69 78
35 70 47
35 71 22
35 72 84
35 73 45
35 74 60
35 75 18
35 76 34
35 77 40
35 78 36
35 79 80
35 80 99
35 81 52
35 82 49
35 83 40
35 84 42
35 85 32
35 86 66
35 87 100
35 88 27
35 89 67
35 90 64
35 91 45
35 92 22
35 93 13
35 94 70
35 95 85
35 96 70
35 97 29
35 98 24
35 99 28
36 37 70
36 38 32
36 39 28
36 40 51
36 41 22
36 42 5
36 43 50
36 44 20
36 45 58
36 46 78
36 47 37
36 48 40
36 49 20
36 50 96
36 51 41
36 52 70
36 53 3
36 54 34
36 55 19
36 56 93
36 57 51
36 58 79
36 59 59
36 60 6
36 61 33
36 62 38
36 63 45
36 64 67
36 65 87
36 66 32
36 67 37
36 68 91
36 69 94
36 70 8
36 71 17
36 72 46
36 73 29
36 74 15
36 75 94
36 76 68
36 77 8
36 78 15
36 79 42
36 80 77
36 81 28
36 82 21
36 83 24
36 84 29
36 85 52
36 86 82
36 87 58
36 88 44
36 89 79
36 90 50
36 91 69
36 92 85
36 93 2
36 94 23
36 95 42
36 96 34
36 97 91
36 98 8
36 99 24
37 38 46
37 39 49
37 40 91
37 41 85
37 42 7
37 43 62
37 44 5
37 45 54
37 46 88
37 47 95
37 48 24
37 49 81
37 50 55
37 51 61
37 52 13
37 53 1
37 54 67
37 55 19
37 56 53
37 57 97
37 58 23
37 59 34
37 60 97
37 61 26
37 62 51
37 63 88
37 64 97
37 65 13
37 66 83
37 67 86
37 68 6
37 69 20
37 70 41
37 71 5
37 72 1
37 73 15
37 74 20
37 75 30
37 76 49
37 77 7
37 78 72
37 79 27
37 80 53
37 81 80
37 82 47
37 83 64
37 84 47
37 85 81
37 86 29
37 87 56
37 88 91
37 89 88
37 90 80
37 91 8
37 92 59
37 93 56
37 94 20
37 95 37
37 96 91
37 97 93
37 98 68
37 99 51
38 39 99
38 40 53
38 41 58
38 42 75
38 43 24
38 44 23
38 45 55
38 46 28
38 47 34
38 48 87
38 49 83
38 50 98
38 51 98
38 52 4
38 53 9
38 54 36
38 55 33
38 56 3
38 57 8
38 58 22
38 59 35
38 60 76
38 61 61
38 62 36
38 63 95
38 64 73
38 65 90
38 66 91
38 67 44
38 68 91
38 69 10
38 70 51
38 71 57
38 72 31
38 73 91
38 74 37
38 75 24
38 76 5
38 77 41
38 78 57
38 79 10
38 80 79
38 81 46
38 82 5
38 83 56
38 84 21
38 85 15
38 86 6
38 87 31
38 88 72
38 89 12
38 90 88
38 91 90
38 92 93
38 93 6
38 94 69
38 95 74
38 96 35
38 97 96
38 98 36
38 99 37
39 40 97
39 41 3
39 42 81
39 43 42
39 44 48
39 45 54
39 46 52
39 47 19
39 48 90
39 49 52
39 50 11
39 51 32
39 52 51
39 53 73
39 54 7
39 55 62
39 56 56
39 57 30
39 58 17
39 59 45
39 60 34
39 61 37
39 62 91
39 63 26
39 64 100
39 65 13
39 66 7
39 67 17
39 68 55
39 69 67
39 70 93
39 71 44
39 72 8
39 73 82
39 74 68
39 75 13
39 76 29
39 77 92
39 78 12
39 79 94
39 80 1
39 81 20
39 82 22
39 83 70
39 84 38
39 85 4
39 86 52
39 87 57
39 88 36
39 89 42
39 90 25
39 91 70
39 92 27
39 93 97
39 94 93
39 95 38
39 96 16
39 97 2
39 98 78
39 99 31
40 41 11
40 42 34
40 43 3
40 44 26
40 45 14
40 46 29
40 47 91
40 48 37
40 49 81
40 50 73
40 51 27
40 52 53
40 53 79
40 54 34
40 55 29
40 56 24
40 57 11
40 58 16
40 59 27
40 60 45
40 61 82
40 62 58
40 63 20
40 64 47
40 65 2
40 66 58
40 67 68
40 68 51
40 69 30
40 70 3
40 71 70
40 72 20
40 73 52
40 74 88
40 75 75
40 76 15
40 77 49
40 78 16
40 79 44
40 80 57
40 81 84
40 82 51
40 83 7
40 84 50
40 85 17
40 86 96
40 87 73
40 88 20
40 89 100
40 90 18
40 91 54
40 92 50
40 93 37
40 94 94
40 95 68
40 96 56
40 97 10
40 98 7
40 99 19
41 42 45
41 43 53
41 44 25
41 45 78
41 46 56
41 47 50
41 48 48
41 49 48
41 50 96
41 51 46
41 52 69
41 53 65
41 54 43
41 55 65
41 56 34
41 57 3
41 58 74
41 59 16
41 60 42
41 61 73
41 62 61
41 63 52
41 64 53
41 65 28
41 66 4
41 67 54
41 68 65
41 69 53
41 70 32
41 71 98
41 72 22
41 73 97
41 74 57
41 75 63
41 76 45
41 77 44
41 78 81
41 79 19
41 80 67
41 81 64
41 82 41
41 83 46
41 84 7
41 85 75
41 86 94
41 87 70
41 88 41
41 89 76
41 90 3
41 91 76
41 92 89
41 93 32
41 94 34
41 95 25
41 96 29
41 97 80
41 98 93
41 99 47
42 43 42
42 44 85
42 45 24
42 46 93
42 47 19
42 48 35
42 49 65
42 50 83
42 51 2
42 52 86
42 53 28
42 54 86
42 55 34
42 56 54
42 57 4
42 58 28
42 59 3
42 60 60
42 61 62
42 62 68
42 63 5
42 64 85
42 65 83
42 66 35
42 67 36
42 68 88
42 69 18
42 70 85
42 71 86
42 72 36
42 73 66
42 74 90
42 75 41
42 76 53
42 77 47
42 78 59
42 79 57
42 80 69
42 81 33
42 82 20
42 83 32
42 84 96
42 85 99
42 86 9
42 87 3
42 88 85
42 89 92
42 90 22
42 91 22
42 92 43
42 93 80
42 94 57
42 95 49
42 96 56
42 97 7
42 98 2
42 99 42
43 44 86
43 45 23
43 46 63
43 47 39
43 48 83
43 49 25
43 50 47
43 51 30
43 52 26
43 53 82
43 54 89
43 55 86
43 56 62
43 57 51
43 58 76
43 59 79
43 60 9
43 61 3
43 62 18
43 63 41
43 64 1
43 65 58
43 66 54
43 67 25
43 68 62
43 69 71
43 70 98
43 71 51
43 72 40
43 73 9
43 74 26
43 75 35
43 76 55
43 77 58
43 78 27
43 79 61
43 80 45
43 81 79
43 82 61
43 83 93
43 84 99
43 85 7
43 86 23
43 87 33
43 88 38
43 89 97
43 90 100
43 91 94
43 92 18
43 93 26
43 94 30
43 95 69
43 96 49
43 97 86
43 98 2
43 99 73
44 45 7
44 46 33
44 47 71
44 48 80
44 49 90
44 50 52
44 51 10
44 52 73
44 53 24
44 54 31
44 55 61
44 56 93
44 57 92
44 58 79
44 59 11
44 60 99
44 61 8
44 62 42
44 63 38
44 64 39
44 65 33
44 66 9
44 67 28
44 68 22
44 69 14
44 70 35
44 71 55
44 72 37
44 73 9
44 74 24
44 75 89
44 76 83
44 77 67
44 78 53
44 79 65
44 80 11
44 81 13
44 82 28
44 83 78
44 84 95
44 85 51
44 86 50
44 87 57
44 88 86
44 89 17
44 90 44
44 91 66
44 92 34
44 93 33
44 94 56
44 95 86
44 96 92
44 97 96
44 98 4
44 99 83
45 46 65
45 47 62
45 48 8
45 49 98
45 50 75
45 51 77
45 52 17
45 53 86
45 54 45
45 55 98
45 56 10
45 57 65
45 58 68
45 59 14
45 60 100
45 61 56
45 62 62
45 63 4
45 64 78
45 65 94
45 66 99
45 67 79
45 68 92
45 69 68
45 70 88
45 71 47
45 72 89
45 73 97
45 74 5
45 75 80
45 76 96
45 77 22
45 78 40
45 79 83
45 80 84
45 81 36
45 82 20
45 83 23
45 84 32
45 85 53
45 86 27
45 87 17
45 88 88
45 89 16
45 90 11
45 91 2
45 92 18
45 93 34
45 94 3
45 95 95
45 96 38
45 97 64
45 98 88
45 99 6
46 47 67
46 48 99
46 49 31
46 50 45
46 51 69
46 52 56
46 53 64
46 54 47
46 55 56
46 56 50
46 57 79
46 58 36
46 59 36
46 60 88
46 61 57
46 62 18
46 63 50
46 64 86
46 65 57
46 66 30
46 67 74
46 68 80
46 69 8
46 70 6
46 71 47
46 72 45
46 73 71
46 74 47
46 75 47
46 76 77
46 77 62
46 78 67
46 79 98
46 80 79
46 81 76
46 82 85
46 83 98
46 84 54
46 85 91
46 86 11
46 87 69
46 88 43
46 89 96
46 90 69
46 91 69
46 92 6
46 93 25
46 94 27
46 95 5
46 96 50
46 97 52
46 98 39
46 99 6
47 48 64
47 49 36
47 50 21
47 51 46
47 52 70
47 53 97
47 54 10
47 55 65
47 56 90
47 57 52
47 58 53
47 59 58
47 60 3
47 61 47
47 62 29
47 63 30
47 64 60
47 65 47
47 66 8
47 67 1
47 68 48
47 69 98
47 70 33
47 71 33
47 72 59
47 73 59
47 74 2
47 75 74
47 76 63
47 77 15
47 78 76
47 79 85
47 80 88
47 81 21
47 82 3
47 83 99
47 84 56
47 85 61
47 86 73
47 87 34
47 88 6
47 89 83
47 90 52
47 91 25
47 92 52
47 93 39
47 94 36
47 95 84
47 96 33
47 97 91
47 98 20
47 99 45
48 49 44
48 50 33
48 51 19
48 52 66
48 53 1
48 54 49
48 55 85
48 56 78
48 57 84
48 58 49
48 59 55
48 60 57
48 61 21
48 62 88
48 63 6
48 64 47
48 65 98
48 66 42
48 67 79
48 68 44
48 69 93
48 70 89
48 71 1
48 72 51
48 73 49
48 74 51
48 75 34
48 76 32
48 77 50
48 78 52
48 79 82
48 80 32
48 81 85
48 82 79
48 83 19
48 84 66
48 85 67
48 86 25
48 87 32
48 88 26
48 89 74
48 90 23
48 91 31
48 92 98
48 93 86
48 94 81
48 95 17
48 96 8
48 97 40
48 98 27
48 99 93
49 50 1
49 51 24
49 52 62
49 53 55
49 54 57
49 55 67
49 56 5
49 57 29
49 58 74
49 59 57
49 60 79
49 61 41
49 62 90
49 63 49
49 64 36
49 65 52
49 66 52
49 67 99
49 68 14
49 69 75
49 70 63
49 71 70
49 72 69
49 73 57
49 74 11
49 75 35
49 76 14
49 77 5
49 78 45
49 79 16
49 80 27
49 81 93
49 82 6
49 83 13
49 84 77
49 85 3
49 86 44
49 87 62
49 88 14
49 89 15
49 90 26
49 91 26
49 92 21
49 93 7
49 94 97
49 95 56
49 96 87
49 97 45
49 98 8
49 99 74
50 51 18
50 52 80
50 53 91
50 54 25
50 55 69
50 56 86
50 57 83
50 58 86
50 59 84
50 60 91
50 61 15
50 62 26
50 63 23
50 64 16
50 65 55
50 66 43
50 67 81
50 68 41
50 69 61
50 70 57
50 71 86
50 72 18
50 73 88
50 74 22
50 75 85
50 76 83
50 77 12
50 78 20
50 79 44
50 80 85
50 81 74
50 82 5
50 83 13
50 84 52
50 85 53
50 86 3
50 87 90
50 88 16
50 89 24
50 90 20
50 91 24
50 92 33
50 93 22
50 94 87
50 95 61
50 96 40
50 97 58
50 98 76
50 99 93
51 52 11
51 53 24
51 54 88
51 55 89
51 56 56
51 57 7
51 58 5
51 59 27
51 60 34
51 61 80
51 62 24
51 63 26
51 64 76
51 65 77
51 66 78
51 67 62
51 68 28
51 69 80
51 70 27
51 71 45
51 72 3
51 73 41
51 74 65
51 75 18
51 76 50
51 77 39
51 78 59
51 79 9
51 80 68
51 81 81
51 82 88
51 83 6
51 84 19
51 85 14
51 86 56
51 87 52
51 88 9
51 89 4
51 90 23
51 91 36
51 92 69
51 93 11
51 94 20
51 95 92
51 96 22
51 97 7
51 98 22
51 99 49
52 53 35
52 54 68
52 55 28
52 56 67
52 57 27
52 58 76
52 59 14
52 60 56
52 61 36
52 62 9
52 63 59
52 64 89
52 65 35
52 66 86
52 67 39
52 68 1
52 69 46
52 70 8
52 71 54
52 72 88
52 73 65
52 74 2
52 75 57
52 76 42
52 77 71
52 78 86
52 79 40
52 80 56
52 81 47
52 82 60
52 83 25
52 84 86
52 85 19
52 86 44
52 87 41
52 88 27
52 89 59
52 90 26
52 91 48
52 92 84
52 93 80
52 94 51
52 95 24
52 96 31
52 97 66
52 98 58
52 99 17
53 54 97
53 55 4
53 56 82
53 57 87
53 58 41
53 59 31
53 60 89
53 61 17
53 62 44
53 63 56
53 64 60
53 65 92
53 66 88
53 67 35
53 68 42
53 69 90
53 70 25
53 71 48
53 72 50
53 73 65
53 74 41
53 75 16
53 76 55
53 77 36
53 78 94
53 79 73
53 80 38
53 81 54
53 82 68
53 83 95
53 84 86
53 85 25
53 86 4
53 87 4
53 88 87
53 89 20
53 90 71
53 91 18
53 92 20
53 93 47
53 94 6
53 95 56
53 96 54
53 97 16
53 98 72
53 99 5
54 55 44
54 56 72
54 57 62
54 58 39
54 59 66
54 60 10
54 61 52
54 62 30
54 63 46
54 64 7
54 65 59
54 66 59
54 67 90
54 68 52
54 69 8
54 70 73
54 71 7
54 72 49
54 73 18
54 74 15
54 75 47
54 76 31
54 77 99
54 78 42
54 79 60
54 80 60
54 81 26
54 82 86
54 83 89
54 84 67
54 85 5
54 86 38
54 87 45
54 88 80
54 89 1
54 90 27
54 91 52
54 92 86
54 93 46
54 94 94
54 95 29
54 96 70
54 97 75
54 98 21
54 99 68
55 56 50
55 57 54
55 58 95
55 59 13
55 60 10
55 61 65
55 62 23
55 63 27
55 64 31
55 65 89
55 66 67
55 67 37
55 68 68
55 69 45
55 70 13
55 71 43
55 72 45
55 73 75
55 74 69
55 75 72
55 76 12
55 77 38
55 78 65
55 79 37
55 80 58
55 81 83
55 82 99
55 83 30
55 84 72
55 85 25
55 86 38
55 87 14
55 88 23
55 89 21
55 90 25
55 91 59
55 92 84
55 93 26
55 94 11
55 95 97
55 96 95
55 97 76
55 98 92
55 99 58
56 57 57
56 58 35
56 59 61
56 60 96
56 61 59
56 62 35
56 63 74
56 64 56
56 65 31
56 66 94
56 67 100
56 68 49
56 69 31
56 70 65
56 71 72
56 72 88
56 73 22
56 74 88
56 75 39
56 76 43
56 77 10
56 78 64
56 79 32
56 80 12
56 81 27
56 82 36
56 83 96
56 84 81
56 85 24
56 86 37
56 87 72
56 88 24
56 89 27
56 90 48
56 91 14
56 92 65
56 93 88
56 94 39
56 95 23
56 96 95
56 97 28
56 98 76
56 99 15
57 58 4
57 59 26
57 60 92
57 61 17
57 62 42
57 63 83
57 64 58
57 65 9
57 66 29
57 67 8
57 68 10
57 69 63
57 70 39
57 71 44
57 72 49
57 73 20
57 74 82
57 75 85
57 76 83
57 77 3
57 78 91
57 79 20
57 80 88
57 81 2
57 82 63
57 83 92
57 84 99
57 85 33
57 86 67
57 87 13
57 88 34
57 89 100
57 90 9
57 91 18
57 92 92
57 93 33
57 94 32
57 95 69
57 96 25
57 97 99
57 98 60
57 99 32
58 59 93
58 60 60
58 61 72
58 62 18
58 63 71
58 64 14
58 65 85
58 66 66
58 67 33
58 68 46
58 69 44
58 70 72
58 71 93
58 72 79
58 73 85
58 74 93
58 75 45
58 76 11
58 77 86
58 78 33
58 79 70
58 80 94
58 81 55
58 82 78
58 83 36
58 84 95
58 85 39
58 86 53
58 87 47
58 88 97
58 89 48
58 90 37
58 91 58
58 92 94
58 93 70
58 94 66
58 95 80
58 96 95
58 97 77
58 98 84
58 99 73
59 60 4
59 61 69
59 62 38
59 63 56
59 64 43
59 65 63
59 66 72
59 67 92
59 68 40
59 69 94
59 70 14
59 71 15
59 72 44
59 73 69
59 74 48
59 75 52
59 76 47
59 77 44
59 78 100
59 79 100
59 80 21
59 81 78
59 82 20
59 83 72
59 84 97
59 85 11
59 86 90
59 87 21
59 88 64
59 89 25
59 90 72
59 91 9
59 92 53
59 93 31
59 94 10
59 95 50
59 96 21
59 97 11
59 98 45
59 99 58
60 61 36
60 62 73
60 63 4
60 64 13
60 65 54
60 66 80
60 67 41
60 68 32
60 69 58
60 70 68
60 71 18
60 72 48
60 73 93
60 74 56
60 75 28
60 76 53
60 77 32
60 78 90
60 79 97
60 80 53
60 81 42
60 82 74
60 83 10
60 84 43
60 85 47
60 86 48
60 87 28
60 88 19
60 89 25
60 90 63
60 91 62
60 92 51
60 93 15
60 94 78
60 95 75
60 96 12
60 97 65
60 98 52
60 99 7
61 62 86
61 63 55
61 64 96
61 65 15
61 66 35
61 67 60
61 68 17
61 69 89
61 70 98
61 71 52
61 72 34
61 73 26
61 74 86
61 75 19
61 76 62
61 77 61
61 78 1
61 79 62
61 80 49
61 81 75
61 82 52
61 83 34
61 84 88
61 85 12
61 86 42
61 87 25
61 88 2
61 89 67
61 90 32
61 91 93
61 92 59
61 93 24
61 94 100
61 95 98
61 96 7
61 97 100
61 98 44
61 99 71
62 63 7
62 64 81
62 65 31
62 66 92
62 67 95
62 68 98
62 69 92
62 70 5
62 71 4
62 72 86
62 73 52
62 74 38
62 75 88
62 76 94
62 77 8
62 78 24
62 79 91
62 80 30
62 81 13
62 82 96
62 83 5
62 84 68
62 85 36
62 86 43
62 87 93
62 88 72
62 89 48
62 90 34
62 91 54
62 92 36
62 93 62
62 94 72
62 95 66
62 96 94
62 97 30
62 98 47
62 99 94
63 64 31
63 65 79
63 66 93
63 67 42
63 68 62
63 69 100
63 70 20
63 71 21
63 72 5
63 73 76
63 74 20
63 75 19
63 76 76
63 77 43
63 78 93
63 79 6
63 80 14
63 81 60
63 82 34
63 83 93
63 84 92
63 85 25
63 86 48
63 87 75
63 88 64
63 89 9
63 90 66
63 91 75
63 92 7
63 93 3
63 94 57
63 95 88
63 96 47
63 97 32
63 98 84
63 99 77
64 65 19
64 66 51
64 67 73
64 68 32
64 69 5
64 70 2
64 71 85
64 72 13
64 73 27
64 74 35
64 75 75
64 76 71
64 77 58
64 78 43
64 79 25
64 80 24
64 81 25
64 82 33
64 83 93
64 84 72
64 85 13
64 86 56
64 87 99
64 88 64
64 89 67
64 90 28
64 91 83
64 92 76
64 93 56
64 94 82
64 95 8
64 96 94
64 97 80
64 98 61
64 99 62
65 66 29
65 67 30
65 68 25
65 69 52
65 70 90
65 71 87
65 72 4
65 73 63
65 74 85
65 75 45
65 76 1
65 77 78
65 78 27
65 79 6
65 80 56
65 81 32
65 82 48
65 83 82
65 84 40
65 85 13
65 86 59
65 87 36
65 88 60
65 89 20
65 90 15
65 91 44
65 92 98
65 93 77
65 94 88
65 95 6
65 96 89
65 97 12
65 98 17
65 99 41
66 67 12
66 68 91
66 69 2
66 70 4
66 71 19
66 72 80
66 73 18
66 74 5
66 75 70
66 76 27
66 77 78
66 78 34
66 79 70
66 80 51
66 81 91
66 82 34
66 83 55
66 84 43
66 85 85
66 86 45
66 87 35
66 88 89
66 89 92
66 90 18
66 91 62
66 92 12
66 93 75
66 94 94
66 95 26
66 96 72
66 97 29
66 98 76
66 99 2
67 68 1
67 69 20
67 70 29
67 71 51
67 72 31
67 73 98
67 74 28
67 75 44
67 76 83
67 77 20
67 78 45
67 79 75
67 80 14
67 81 31
67 82 61
67 83 84
67 84 75
67 85 9
67 86 61
67 87 6
67 88 32
67 89 6
67 90 22
67 91 37
67 92 32
67 93 61
67 94 41
67 95 85
67 96 67
67 97 41
67 98 36
67 99 72
68 69 82
68 70 57
68 71 41
68 72 97
68 73 77
68 74 62
68 75 86
68 76 24
68 77 25
68 78 20
68 79 85
68 80 78
68 81 4
68 82 21
68 83 78
68 84 95
68 85 19
68 86 96
68 87 37
68 88 23
68 89 45
68 90 68
68 91 81
68 92 21
68 93 23
68 94 88
68 95 44
68 96 84
68 97 2
68 98 91
68 99 58
69 70 91
69 71 1
69 72 61
69 73 51
69 74 91
69 75 36
69 76 6
69 77 76
69 78 99
69 79 45
69 80 10
69 81 38
69 82 85
69 83 44
69 84 69
69 85 24
69 86 50
69 87 31
69 88 24
69 89 89
69 90 75
69 91 31
69 92 83
69 93 60
69 94 93
69 95 23
69 96 16
69 97 76
69 98 93
69 99 94
70 71 1
70 72 93
70 73 50
70 74 40
70 75 32
70 76 3
70 77 59
70 78 92
70 79 72
70 80 97
70 81 54
70 82 46
70 83 39
70 84 75
70 85 93
70 86 55
70 87 69
70 88 60
70 89 33
70 90 62
70 91 29
70 92 47
70 93 4
70 94 100
70 95 61
70 96 28
70 97 35
70 98 62
70 99 69
71 72 97
71 73 26
71 74 41
71 75 81
71 76 39
71 77 6
71 78 37
71 79 9
71 80 80
71 81 50
71 82 37
71 83 99
71 84 4
71 85 64
71 86 90
71 87 39
71 88 23
71 89 43
71 90 13
71 91 45
71 92 60
71 93 17
71 94 72
71 95 99
71 96 67
71 97 42
71 98 86
71 99 56
72 73 49
72 74 82
72 75 2
72 76 95
72 77 85
72 78 49
72 79 6
72 80 7
72 81 63
72 82 52
72 83 68
72 84 88
72 85 17
72 86 35
72 87 53
72 88 88
72 89 99
72 90 10
72 91 90
72 92 54
72 93 34
72 94 22
72 95 20
72 96 28
72 97 23
72 98 63
72 99 12
73 74 87
73 75 39
73 76 43
73 77 56
73 78 19
73 79 57
73 80 11
73 81 70
73 82 20
73 83 70
73 84 7
73 85 49
73 86 69
73 87 72
73 88 99
73 89 5
73 90 5
73 91 89
73 92 70
73 93 36
73 94 90
73 95 84
73 96 53
73 97 20
73 98 19
73 99 88
74 75 2
74 76 95
74 77 62
74 78 98
74 79 2
74 80 22
74 81 15
74 82 3
74 83 12
74 84 87
74 85 64
74 86 70
74 87 92
74 88 9
74 89 67
74 90 21
74 91 19
74 92 100
74 93 26
74 94 85
74 95 91
74 96 81
74 97 9
74 98 100
74 99 80
75 76 30
75 77 49
75 78 75
75 79 54
75 80 94
75 81 45
75 82 52
75 83 12
75 84 21
75 85 76
75 86 43
75 87 75
75 88 63
75 89 7
75 90 33
75 91 44
75 92 12
75 93 44
75 94 29
75 95 65
75 96 22
75 97 67
75 98 68
75 99 100
76 77 94
76 78 43
76 79 83
76 80 43
76 81 13
76 82 61
76 83 77
76 84 46
76 85 57
76 86 38
76 87 14
76 88 5
76 89 11
76 90 72
76 91 64
76 92 80
76 93 21
76 94 48
76 95 83
76 96 12
76 97 59
76 98 96
76 99 52
77 78 37
77 79 5
77 80 14
77 81 27
77 82 67
77 83 46
77 84 92
77 85 39
77 86 93
77 87 82
77 88 30
77 89 64
77 90 40
77 91 30
77 92 22
77 93 84
77 94 89
77 95 82
77 96 50
77 97 52
77 98 89
77 99 74
78 79 79
78 80 84
78 81 7
78 82 74
78 83 69
78 84 64
78 85 41
78 86 32
78 87 17
78 88 55
78 89 27
78 90 45
78 91 25
78 92 13
78 93 1
78 94 98
78 95 81
78 96 64
78 97 78
78 98 91
78 99 41
79 80 87
79 81 18
79 82 27
79 83 17
79 84 23
79 85 25
79 86 55
79 87 96
79 88 28
79 89 9
79 90 53
79 91 51
79 92 10
79 93 8
79 94 3
79 95 93
79 96 67
79 97 40
79 98 6
79 99 11
80 81 20
80 82 39
80 83 80
80 84 90
80 85 64
80 86 63
80 87 59
80 88 49
80 89 67
80 90 38
80 91 71
80 92 65
80 93 37
80 94 28
80 95 22
80 96 85
80 97 80
80 98 63
80 99 69
81 82 3
81 83 38
81 84 27
81 85 79
81 86 80
81 87 84
81 88 59
81 89 9
81 90 5
81 91 90
81 92 100
81 93 53
81 94 59
81 95 2
81 96 70
81 97 95
81 98 65
81 99 60
82 83 54
82 84 61
82 85 27
82 86 67
82 87 33
82 88 79
82 89 49
82 90 71
82 91 72
82 92 45
82 93 42
82 94 7
82 95 85
82 96 46
82 97 49
82 98 51
82 99 44
83 84 65
83 85 44
83 86 65
83 87 90
83 88 69
83 89 85
83 90 54
83 91 54
83 92 58
83 93 69
83 94 2
83 95 49
83 96 10
83 97 78
83 98 87
83 99 64
84 85 59
84 86 23
84 87 4
84 88 56
84 89 89
84 90 73
84 91 3
84 92 70
84 93 64
84 94 63
84 95 47
84 96 37
84 97 77
84 98 28
84 99 23
85 86 52
85 87 48
85 88 60
85 89 80
85 90 94
85 91 44
85 92 59
85 93 42
85 94 31
85 95 60
85 96 4
85 97 53
85 98 71
85 99 70
86 87 34
86 88 64
86 89 26
86 90 17
86 91 19
86 92 43
86 93 89
86 94 61
86 95 65
86 96 27
86 97 26
86 98 89
86 99 12
87 88 57
87 89 5
87 90 51
87 91 72
87 92 2
87 93 87
87 94 2
87 95 49
87 96 58
87 97 16
87 98 55
87 99 86
88 89 74
88 90 82
88 91 78
88 92 12
88 93 25
88 94 25
88 95 88
88 96 58
88 97 37
88 98 38
88 99 62
89 90 86
89 91 94
89 92 34
89 93 14
89 94 25
89 95 55
89 96 63
89 97 33
89 98 63
89 99 11
90 91 21
90 92 42
90 93 91
90 94 6
90 95 51
90 96 66
90 97 84
90 98 10
90 99 61
91 92 51
91 93 56
91 94 33
91 95 13
91 96 22
91 97 79
91 98 29
91 99 95
92 93 4
92 94 72
92 95 15
92 96 93
92 97 70
92 98 62
92 99 4
93 94 89
93 95 68
93 96 51
93 97 49
93 98 9
93 99 4
94 95 93
94 96 55
94 97 23
94 98 82
94 99 98
95 96 23
95 97 90
95 98 67
95 99 97
96 97 28
96 98 14
96 99 33
97 98 73
97 99 88
98 99 64
